initial_pose_x: -3.006679
initial_pose_y: -2.092507
initial_pose_a: -1.495465

